[Header]
Application Name	LabSolutions
Version	5.97
Data File Name	C:\LabSolutions\Data\Project1\Fabricated User\Compound1\2026.08.19_SMP_A1_2_002.lcd
Output Date	19/08/2026
Output Time	12:00:00

[File Information]
Type	Data File
Generated	19/08/2026 12:00:00
Generated by	System Administrator
Modified	19/08/2026 12:00:00
Modified by	System Administrator

[Sample Information]
Operator Name	System Administrator
Acquired	19/08/2026 12:00:00
Sample Type	0:Unknown
Level	0
Sample Name	SMP_A1
Sample ID	SMP_A1
ISTD Amount1	1
ISTD Amount2	1
ISTD Amount3	1
ISTD Amount4	1
ISTD Amount5	1
ISTD Amount6	1
ISTD Amount7	1
ISTD Amount8	1
ISTD Amount9	1
ISTD Amount10	1
ISTD Amount11	1
ISTD Amount12	1
ISTD Amount13	1
ISTD Amount14	1
ISTD Amount15	1
ISTD Amount16	1
ISTD Amount17	1
ISTD Amount18	1
ISTD Amount19	1
ISTD Amount20	1
ISTD Amount21	1
ISTD Amount22	1
ISTD Amount23	1
ISTD Amount24	1
ISTD Amount25	1
ISTD Amount26	1
ISTD Amount27	1
ISTD Amount28	1
ISTD Amount29	1
ISTD Amount30	1
ISTD Amount31	1
ISTD Amount32	1
Sample Amount	1
Dilution Factor	1
Vial#	2
Injection Volume	10,0

[Original Files]
Data File	C:\LabSolutions\Data\Project1\Fabricated User\Compound1\2026.08.19_SMP_A1_2_002.lcd
Method File	C:\LabSolutions\Data\Project1\Fabricated User\Compound1.lcm
Batch File	C:\LabSolutions\Data\Project1\Fabricated User\Compound1\2026.08.19_batch.lcb
Report Format File	C:\LabSolutions\System\DEFAULT.lsr

[File Description]


[Configuration]
Instrument Name	HPLC-PC-Instrument
Instrument #	1
Line #	1
# of Detectors	1
Detector ID	PDA
Detector Name	PDA
# of Channels	2

[Peak Table(PDA-Ch1)]
# of Peaks	2
Peak#	R.Time	I.Time	F.Time	Area	Height	A/H	Conc.	Mark	ID#	Name	k'	Plate #	Plate Ht.	Tailing	Resolution	Sep.Factor	Area Ratio	Height Ratio	Conc. %	Norm Conc.
1	10,40	10,10	10,70	5,38	2,15	2,500	0,000	   			0,000	0	0,000	0,000	0,000	0,000	0	0	0,000	0,000
2	15,20	14,90	15,50	180,70	72,28	2,500	0,000	   			0,000	0	0,000	0,000	0,000	0,000	0	0	0,000	0,000

[Peak Table(PDA-Ch2)]
# of Peaks	2
Peak#	R.Time	I.Time	F.Time	Area	Height	A/H	Conc.	Mark	ID#	Name	k'	Plate #	Plate Ht.	Tailing	Resolution	Sep.Factor	Area Ratio	Height Ratio	Conc. %	Norm Conc.
1	10,40	10,10	10,70	11,79	4,72	2,500	0,000	   			0,000	0	0,000	0,000	0,000	0,000	0	0	0,000	0,000
2	15,20	14,90	15,50	542,75	217,10	2,500	0,000	   			0,000	0	0,000	0,000	0,000	0,000	0	0	0,000	0,000

[Compound Results(PDA)]
# of IDs	0

[PDA Multi Chromatogram(Ch1)]
# of Points	601
Interval(msec)	3000
Start Time(min)	0
End Time(min)	30,0000
Intensity Units	mAU
Intensity Multiplier	1
Type	MultiChrom
Wavelength(nm)	254
Bandwidth(nm)	4

R.Time (min)	Intensity
0,00	28,623
0,05	27,613
0,10	30,798
0,15	29,936
0,20	28,528
0,25	30,707
0,30	29,419
0,35	30,335
0,40	29,230
0,45	28,931
0,50	30,471
0,55	30,954
0,60	31,224
0,65	30,121
0,70	28,915
0,75	30,906
0,80	29,834
0,85	30,251
0,90	30,242
0,95	31,660
1,00	30,909
1,05	30,951
1,10	29,091
1,15	30,015
1,20	31,461
1,25	29,127
1,30	28,865
1,35	30,671
1,40	29,538
1,45	31,234
1,50	29,950
1,55	31,005
1,60	29,091
1,65	27,932
1,70	28,782
1,75	29,275
1,80	30,758
1,85	29,654
1,90	28,753
1,95	30,421
2,00	29,786
2,05	30,860
2,10	29,825
2,15	31,155
2,20	28,440
2,25	30,024
2,30	30,348
2,35	31,154
2,40	29,784
2,45	30,498
2,50	28,508
2,55	29,889
2,60	30,000
2,65	28,987
2,70	30,554
2,75	29,091
2,80	31,069
2,85	30,853
2,90	30,305
2,95	32,734
3,00	29,013
3,05	30,875
3,10	30,299
3,15	30,814
3,20	30,652
3,25	28,040
3,30	29,015
3,35	27,737
3,40	29,993
3,45	29,491
3,50	29,584
3,55	28,822
3,60	29,049
3,65	32,566
3,70	27,802
3,75	30,978
3,80	28,430
3,85	28,756
3,90	29,943
3,95	28,775
4,00	30,523
4,05	29,394
4,10	29,228
4,15	30,337
4,20	31,244
4,25	30,852
4,30	31,561
4,35	29,144
4,40	31,224
4,45	30,043
4,50	30,570
4,55	29,280
4,60	29,842
4,65	31,238
4,70	29,909
4,75	30,524
4,80	30,015
4,85	29,393
4,90	30,682
4,95	29,363
5,00	31,374
5,05	29,325
5,10	29,594
5,15	30,100
5,20	29,741
5,25	30,211
5,30	30,286
5,35	30,352
5,40	30,737
5,45	30,497
5,50	28,462
5,55	30,069
5,60	30,310
5,65	32,296
5,70	31,324
5,75	30,048
5,80	30,885
5,85	29,597
5,90	29,893
5,95	31,689
6,00	30,750
6,05	29,715
6,10	30,091
6,15	29,905
6,20	29,645
6,25	30,289
6,30	28,742
6,35	31,787
6,40	29,604
6,45	30,544
6,50	30,708
6,55	27,758
6,60	30,982
6,65	30,190
6,70	28,967
6,75	26,229
6,80	27,607
6,85	29,479
6,90	30,258
6,95	29,121
7,00	29,982
7,05	30,628
7,10	29,388
7,15	28,868
7,20	28,487
7,25	28,870
7,30	31,269
7,35	29,534
7,40	28,983
7,45	28,877
7,50	29,275
7,55	30,989
7,60	28,962
7,65	29,558
7,70	29,273
7,75	31,193
7,80	30,250
7,85	30,227
7,90	30,130
7,95	28,721
8,00	30,997
8,05	32,289
8,10	29,606
8,15	28,518
8,20	29,754
8,25	30,981
8,30	31,432
8,35	29,844
8,40	30,795
8,45	30,017
8,50	29,611
8,55	29,502
8,60	28,392
8,65	29,576
8,70	29,297
8,75	27,659
8,80	29,728
8,85	30,063
8,90	29,991
8,95	31,041
9,00	29,916
9,05	30,327
9,10	29,039
9,15	30,904
9,20	29,824
9,25	29,184
9,30	30,967
9,35	31,403
9,40	29,060
9,45	29,636
9,50	30,892
9,55	29,065
9,60	29,730
9,65	29,722
9,70	30,863
9,75	30,043
9,80	29,164
9,85	28,904
9,90	30,042
9,95	30,271
10,00	29,276
10,05	27,609
10,10	30,706
10,15	32,619
10,20	32,293
10,25	33,812
10,30	36,162
10,35	37,576
10,40	37,429
10,45	37,708
10,50	35,943
10,55	33,573
10,60	31,325
10,65	29,586
10,70	30,603
10,75	30,317
10,80	29,379
10,85	30,814
10,90	33,331
10,95	30,910
11,00	30,760
11,05	31,459
11,10	29,511
11,15	31,331
11,20	30,331
11,25	30,884
11,30	29,604
11,35	30,617
11,40	29,471
11,45	29,226
11,50	30,795
11,55	31,387
11,60	30,335
11,65	30,793
11,70	32,098
11,75	31,353
11,80	30,700
11,85	28,898
11,90	31,059
11,95	29,508
12,00	29,813
12,05	29,144
12,10	29,332
12,15	30,112
12,20	30,487
12,25	29,752
12,30	29,285
12,35	29,455
12,40	29,417
12,45	29,184
12,50	29,099
12,55	29,516
12,60	29,495
12,65	30,764
12,70	30,381
12,75	30,117
12,80	30,854
12,85	30,758
12,90	30,533
12,95	30,364
13,00	29,562
13,05	29,865
13,10	28,325
13,15	30,767
13,20	29,425
13,25	30,481
13,30	30,423
13,35	30,457
13,40	28,209
13,45	28,826
13,50	31,785
13,55	28,736
13,60	31,061
13,65	29,143
13,70	30,369
13,75	31,139
13,80	29,059
13,85	29,500
13,90	30,579
13,95	30,617
14,00	31,830
14,05	29,671
14,10	29,507
14,15	29,750
14,20	31,554
14,25	30,243
14,30	30,186
14,35	30,644
14,40	31,400
14,45	30,031
14,50	31,063
14,55	30,211
14,60	30,928
14,65	29,422
14,70	29,940
14,75	35,335
14,80	42,868
14,85	61,323
14,90	96,071
14,95	150,583
15,00	226,671
15,05	322,003
15,10	414,412
15,15	482,398
15,20	509,399
15,25	482,981
15,30	413,737
15,35	320,223
15,40	227,039
15,45	149,103
15,50	94,295
15,55	62,947
15,60	43,111
15,65	35,550
15,70	30,212
15,75	31,189
15,80	30,832
15,85	31,244
15,90	28,649
15,95	29,031
16,00	30,685
16,05	29,963
16,10	30,875
16,15	28,109
16,20	28,765
16,25	27,729
16,30	29,807
16,35	30,285
16,40	30,674
16,45	29,280
16,50	28,881
16,55	31,509
16,60	29,992
16,65	29,155
16,70	29,471
16,75	29,738
16,80	27,176
16,85	28,680
16,90	30,238
16,95	32,461
17,00	29,487
17,05	30,100
17,10	28,957
17,15	31,090
17,20	30,300
17,25	30,091
17,30	29,971
17,35	31,155
17,40	30,469
17,45	29,830
17,50	29,034
17,55	28,257
17,60	27,694
17,65	31,057
17,70	29,795
17,75	28,702
17,80	30,646
17,85	30,128
17,90	29,831
17,95	31,529
18,00	29,961
18,05	28,457
18,10	30,174
18,15	29,894
18,20	30,001
18,25	29,743
18,30	30,970
18,35	28,716
18,40	29,588
18,45	30,263
18,50	28,714
18,55	31,369
18,60	29,811
18,65	30,869
18,70	30,713
18,75	32,133
18,80	30,401
18,85	31,043
18,90	31,859
18,95	28,989
19,00	30,974
19,05	30,886
19,10	30,431
19,15	28,882
19,20	31,528
19,25	31,134
19,30	28,970
19,35	31,035
19,40	29,622
19,45	29,650
19,50	30,880
19,55	31,612
19,60	28,310
19,65	30,295
19,70	29,830
19,75	31,862
19,80	29,538
19,85	29,172
19,90	30,788
19,95	30,027
20,00	30,320
20,05	30,102
20,10	30,127
20,15	30,380
20,20	28,691
20,25	30,211
20,30	31,475
20,35	30,184
20,40	30,605
20,45	30,877
20,50	30,103
20,55	29,487
20,60	29,074
20,65	30,701
20,70	30,123
20,75	30,560
20,80	30,992
20,85	28,985
20,90	28,908
20,95	29,399
21,00	31,177
21,05	29,094
21,10	30,592
21,15	29,551
21,20	29,960
21,25	27,920
21,30	28,947
21,35	29,749
21,40	30,632
21,45	29,619
21,50	28,913
21,55	29,554
21,60	30,038
21,65	29,542
21,70	32,016
21,75	30,209
21,80	29,898
21,85	28,210
21,90	30,526
21,95	29,632
22,00	29,611
22,05	30,858
22,10	28,287
22,15	29,078
22,20	30,138
22,25	32,217
22,30	29,880
22,35	27,911
22,40	29,873
22,45	30,791
22,50	30,879
22,55	30,995
22,60	29,989
22,65	30,223
22,70	30,170
22,75	30,288
22,80	30,660
22,85	29,833
22,90	29,076
22,95	30,335
23,00	27,645
23,05	28,734
23,10	29,306
23,15	29,522
23,20	28,455
23,25	27,481
23,30	30,584
23,35	29,942
23,40	31,434
23,45	29,433
23,50	31,841
23,55	30,178
23,60	29,749
23,65	30,740
23,70	29,190
23,75	27,842
23,80	30,184
23,85	29,941
23,90	29,512
23,95	29,374
24,00	30,505
24,05	30,248
24,10	30,929
24,15	30,049
24,20	29,682
24,25	30,304
24,30	29,799
24,35	30,216
24,40	28,372
24,45	30,969
24,50	29,724
24,55	28,623
24,60	30,837
24,65	30,189
24,70	31,147
24,75	30,112
24,80	30,675
24,85	31,790
24,90	30,318
24,95	28,132
25,00	29,192
25,05	31,105
25,10	30,256
25,15	29,609
25,20	28,023
25,25	28,360
25,30	30,411
25,35	30,436
25,40	31,832
25,45	31,149
25,50	30,497
25,55	29,160
25,60	29,274
25,65	29,232
25,70	30,726
25,75	29,818
25,80	30,008
25,85	31,901
25,90	29,226
25,95	30,132
26,00	30,589
26,05	30,703
26,10	30,157
26,15	31,776
26,20	29,511
26,25	30,656
26,30	29,718
26,35	30,420
26,40	29,968
26,45	29,010
26,50	30,625
26,55	30,632
26,60	30,129
26,65	30,244
26,70	29,974
26,75	29,932
26,80	30,831
26,85	29,038
26,90	31,185
26,95	28,455
27,00	30,487
27,05	28,085
27,10	29,628
27,15	30,341
27,20	30,515
27,25	29,089
27,30	30,843
27,35	29,432
27,40	29,228
27,45	28,499
27,50	30,629
27,55	29,743
27,60	30,489
27,65	28,066
27,70	29,869
27,75	29,822
27,80	29,305
27,85	29,470
27,90	28,992
27,95	27,368
28,00	28,980
28,05	30,554
28,10	28,661
28,15	30,049
28,20	28,819
28,25	29,736
28,30	29,598
28,35	29,256
28,40	30,653
28,45	28,770
28,50	31,652
28,55	28,587
28,60	30,700
28,65	28,641
28,70	28,642
28,75	29,256
28,80	29,028
28,85	29,875
28,90	28,929
28,95	32,056
29,00	30,289
29,05	28,849
29,10	30,886
29,15	31,734
29,20	29,383
29,25	29,237
29,30	29,896
29,35	28,851
29,40	30,377
29,45	30,058
29,50	31,083
29,55	30,512
29,60	30,043
29,65	29,806
29,70	31,051
29,75	30,878
29,80	31,359
29,85	30,025
29,90	29,652
29,95	28,286
30,00	29,861

[PDA Multi Chromatogram(Ch2)]
# of Points	601
Interval(msec)	3000
Start Time(min)	0
End Time(min)	30,0000
Intensity Units	mAU
Intensity Multiplier	1
Type	MultiChrom
Wavelength(nm)	280
Bandwidth(nm)	4

R.Time (min)	Intensity
0,00	81,389
0,05	78,674
0,10	81,740
0,15	82,775
0,20	81,343
0,25	79,958
0,30	82,518
0,35	82,282
0,40	77,889
0,45	79,895
0,50	81,182
0,55	77,719
0,60	78,720
0,65	77,669
0,70	78,820
0,75	78,756
0,80	79,905
0,85	78,833
0,90	80,309
0,95	78,256
1,00	77,865
1,05	81,689
1,10	78,119
1,15	79,639
1,20	79,590
1,25	79,126
1,30	81,535
1,35	77,905
1,40	82,770
1,45	82,692
1,50	81,462
1,55	79,103
1,60	76,582
1,65	79,383
1,70	78,001
1,75	79,117
1,80	79,926
1,85	77,788
1,90	81,070
1,95	79,541
2,00	78,289
2,05	81,783
2,10	80,144
2,15	82,084
2,20	80,885
2,25	79,470
2,30	80,855
2,35	77,907
2,40	77,268
2,45	80,503
2,50	79,276
2,55	78,084
2,60	82,418
2,65	81,599
2,70	79,714
2,75	78,385
2,80	82,929
2,85	79,183
2,90	81,646
2,95	77,438
3,00	79,391
3,05	78,770
3,10	83,255
3,15	82,605
3,20	79,246
3,25	78,190
3,30	79,498
3,35	81,557
3,40	77,021
3,45	83,076
3,50	80,445
3,55	77,905
3,60	79,325
3,65	80,223
3,70	84,537
3,75	84,515
3,80	79,003
3,85	76,657
3,90	82,799
3,95	79,369
4,00	82,848
4,05	77,167
4,10	79,332
4,15	77,597
4,20	78,721
4,25	76,252
4,30	81,062
4,35	82,872
4,40	78,872
4,45	79,794
4,50	79,511
4,55	78,473
4,60	78,506
4,65	77,052
4,70	81,274
4,75	78,212
4,80	80,441
4,85	81,209
4,90	77,534
4,95	79,966
5,00	79,755
5,05	80,112
5,10	80,739
5,15	76,570
5,20	80,935
5,25	81,270
5,30	78,274
5,35	82,300
5,40	81,254
5,45	80,391
5,50	78,183
5,55	78,037
5,60	82,580
5,65	80,474
5,70	81,864
5,75	78,183
5,80	81,524
5,85	79,316
5,90	76,495
5,95	80,185
6,00	83,396
6,05	79,688
6,10	82,475
6,15	80,094
6,20	83,226
6,25	82,263
6,30	76,920
6,35	77,484
6,40	81,814
6,45	78,057
6,50	76,065
6,55	80,113
6,60	76,820
6,65	80,782
6,70	77,425
6,75	80,716
6,80	78,195
6,85	81,802
6,90	80,406
6,95	80,877
7,00	79,416
7,05	82,009
7,10	81,003
7,15	77,174
7,20	79,883
7,25	80,461
7,30	83,559
7,35	80,244
7,40	77,191
7,45	81,143
7,50	78,485
7,55	77,009
7,60	78,000
7,65	81,585
7,70	80,020
7,75	80,360
7,80	79,269
7,85	81,022
7,90	78,211
7,95	82,654
8,00	82,229
8,05	78,665
8,10	80,659
8,15	78,844
8,20	82,212
8,25	80,492
8,30	83,069
8,35	74,615
8,40	77,400
8,45	81,152
8,50	80,640
8,55	78,599
8,60	82,551
8,65	81,107
8,70	80,484
8,75	79,114
8,80	82,505
8,85	78,267
8,90	80,302
8,95	80,545
9,00	80,830
9,05	76,886
9,10	80,517
9,15	78,211
9,20	78,615
9,25	80,630
9,30	74,601
9,35	77,894
9,40	82,548
9,45	80,703
9,50	80,351
9,55	78,813
9,60	82,324
9,65	76,284
9,70	80,027
9,75	78,966
9,80	78,703
9,85	78,481
9,90	78,707
9,95	78,977
10,00	81,470
10,05	83,928
10,10	83,599
10,15	81,246
10,20	85,657
10,25	89,826
10,30	100,626
10,35	104,628
10,40	104,386
10,45	102,901
10,50	93,606
10,55	92,147
10,60	86,029
10,65	80,385
10,70	80,399
10,75	76,816
10,80	79,805
10,85	84,316
10,90	83,866
10,95	76,402
11,00	83,986
11,05	79,542
11,10	78,897
11,15	79,026
11,20	78,394
11,25	76,455
11,30	81,624
11,35	81,474
11,40	82,271
11,45	81,131
11,50	80,407
11,55	77,725
11,60	78,813
11,65	80,689
11,70	81,886
11,75	82,602
11,80	82,058
11,85	78,307
11,90	85,099
11,95	80,867
12,00	83,668
12,05	79,645
12,10	79,571
12,15	78,997
12,20	76,436
12,25	79,171
12,30	76,545
12,35	80,805
12,40	78,268
12,45	80,294
12,50	78,936
12,55	80,070
12,60	82,701
12,65	77,278
12,70	80,171
12,75	79,668
12,80	78,181
12,85	79,754
12,90	84,263
12,95	78,152
13,00	82,863
13,05	77,006
13,10	81,840
13,15	81,091
13,20	80,347
13,25	76,980
13,30	81,943
13,35	76,050
13,40	78,296
13,45	77,587
13,50	80,712
13,55	80,591
13,60	79,211
13,65	82,071
13,70	81,019
13,75	77,983
13,80	78,990
13,85	78,861
13,90	82,148
13,95	79,871
14,00	80,559
14,05	79,212
14,10	80,939
14,15	78,556
14,20	77,410
14,25	78,488
14,30	81,178
14,35	80,554
14,40	80,188
14,45	79,430
14,50	82,042
14,55	79,376
14,60	81,643
14,65	81,902
14,70	82,438
14,75	96,570
14,80	117,365
14,85	172,451
14,90	272,120
14,95	439,533
15,00	670,496
15,05	949,499
15,10	1232,156
15,15	1441,988
15,20	1518,353
15,25	1441,303
15,30	1235,661
15,35	952,913
15,40	670,942
15,45	442,119
15,50	276,177
15,55	175,439
15,60	122,719
15,65	94,878
15,70	83,308
15,75	78,049
15,80	79,272
15,85	81,346
15,90	78,080
15,95	79,353
16,00	77,373
16,05	79,485
16,10	78,990
16,15	80,696
16,20	81,251
16,25	83,366
16,30	79,978
16,35	79,444
16,40	79,260
16,45	82,643
16,50	79,284
16,55	79,686
16,60	79,615
16,65	76,434
16,70	80,839
16,75	78,631
16,80	79,212
16,85	79,839
16,90	81,198
16,95	80,808
17,00	80,920
17,05	82,704
17,10	81,165
17,15	80,454
17,20	80,503
17,25	78,541
17,30	77,579
17,35	83,365
17,40	80,914
17,45	77,955
17,50	81,235
17,55	79,674
17,60	80,493
17,65	80,578
17,70	80,739
17,75	81,756
17,80	80,912
17,85	82,160
17,90	80,742
17,95	79,663
18,00	79,235
18,05	79,799
18,10	78,240
18,15	81,715
18,20	80,963
18,25	79,017
18,30	78,965
18,35	81,836
18,40	80,796
18,45	76,360
18,50	77,878
18,55	84,303
18,60	83,176
18,65	77,847
18,70	74,803
18,75	76,979
18,80	79,453
18,85	77,838
18,90	80,203
18,95	82,163
19,00	80,772
19,05	83,706
19,10	76,501
19,15	76,401
19,20	82,179
19,25	79,298
19,30	82,518
19,35	79,178
19,40	82,625
19,45	81,139
19,50	79,561
19,55	79,362
19,60	82,472
19,65	80,680
19,70	78,297
19,75	81,224
19,80	79,228
19,85	85,976
19,90	80,314
19,95	77,449
20,00	83,097
20,05	80,604
20,10	83,122
20,15	81,170
20,20	80,184
20,25	79,018
20,30	73,967
20,35	80,206
20,40	80,101
20,45	79,583
20,50	79,766
20,55	81,637
20,60	77,086
20,65	79,004
20,70	81,136
20,75	81,189
20,80	80,212
20,85	80,037
20,90	83,040
20,95	79,026
21,00	85,751
21,05	79,029
21,10	78,025
21,15	83,582
21,20	81,692
21,25	78,380
21,30	84,325
21,35	79,708
21,40	81,810
21,45	78,875
21,50	81,017
21,55	80,383
21,60	78,788
21,65	82,976
21,70	80,799
21,75	79,954
21,80	78,903
21,85	76,772
21,90	82,006
21,95	79,497
22,00	78,894
22,05	79,135
22,10	81,777
22,15	79,665
22,20	78,698
22,25	80,070
22,30	80,159
22,35	81,090
22,40	80,543
22,45	81,414
22,50	80,402
22,55	80,669
22,60	78,884
22,65	76,229
22,70	78,883
22,75	81,992
22,80	82,379
22,85	80,360
22,90	79,764
22,95	81,196
23,00	80,049
23,05	80,107
23,10	76,323
23,15	81,656
23,20	76,278
23,25	80,767
23,30	78,648
23,35	80,423
23,40	79,314
23,45	79,546
23,50	81,461
23,55	78,595
23,60	78,737
23,65	81,696
23,70	79,625
23,75	78,345
23,80	77,738
23,85	78,883
23,90	80,163
23,95	80,654
24,00	80,091
24,05	80,735
24,10	77,811
24,15	80,808
24,20	80,255
24,25	80,190
24,30	78,684
24,35	82,638
24,40	80,138
24,45	82,253
24,50	80,517
24,55	78,855
24,60	82,560
24,65	79,791
24,70	81,335
24,75	82,612
24,80	80,779
24,85	80,334
24,90	79,917
24,95	78,646
25,00	79,015
25,05	82,330
25,10	78,452
25,15	79,707
25,20	79,530
25,25	82,020
25,30	81,169
25,35	81,729
25,40	81,225
25,45	81,060
25,50	83,186
25,55	78,015
25,60	81,414
25,65	81,996
25,70	76,979
25,75	82,075
25,80	78,597
25,85	77,490
25,90	82,718
25,95	78,092
26,00	75,880
26,05	78,513
26,10	76,373
26,15	78,400
26,20	80,830
26,25	77,605
26,30	82,994
26,35	77,378
26,40	81,041
26,45	76,469
26,50	80,410
26,55	76,822
26,60	81,066
26,65	81,328
26,70	78,324
26,75	81,413
26,80	79,788
26,85	82,437
26,90	77,547
26,95	82,611
27,00	79,249
27,05	81,074
27,10	79,993
27,15	78,161
27,20	77,245
27,25	78,579
27,30	80,322
27,35	78,569
27,40	78,686
27,45	78,986
27,50	78,650
27,55	78,207
27,60	81,777
27,65	77,495
27,70	80,931
27,75	80,577
27,80	82,518
27,85	78,373
27,90	76,315
27,95	80,488
28,00	78,998
28,05	76,627
28,10	80,233
28,15	80,678
28,20	80,239
28,25	78,077
28,30	79,336
28,35	79,371
28,40	77,230
28,45	80,822
28,50	79,448
28,55	82,625
28,60	83,441
28,65	81,263
28,70	81,211
28,75	80,005
28,80	79,363
28,85	77,420
28,90	82,942
28,95	80,233
29,00	81,005
29,05	78,477
29,10	82,065
29,15	80,992
29,20	81,687
29,25	84,139
29,30	80,243
29,35	82,864
29,40	79,482
29,45	81,158
29,50	80,902
29,55	80,368
29,60	78,401
29,65	79,065
29,70	80,741
29,75	80,919
29,80	80,060
29,85	77,329
29,90	82,491
29,95	79,060
30,00	79,888

