[Header]
Application Name	LabSolutions
Version	5.97
Data File Name	C:\LabSolutions\Data\Project1\Fabricated User\Compound1\2026.08.19_STD_1_uM_4_004.lcd
Output Date	19/08/2026
Output Time	12:00:00

[File Information]
Type	Data File
Generated	19/08/2026 12:00:00
Generated by	System Administrator
Modified	19/08/2026 12:00:00
Modified by	System Administrator

[Sample Information]
Operator Name	System Administrator
Acquired	19/08/2026 12:00:00
Sample Type	0:Unknown
Level	0
Sample Name	STD_1uM
Sample ID	STD_1uM
ISTD Amount1	1
ISTD Amount2	1
ISTD Amount3	1
ISTD Amount4	1
ISTD Amount5	1
ISTD Amount6	1
ISTD Amount7	1
ISTD Amount8	1
ISTD Amount9	1
ISTD Amount10	1
ISTD Amount11	1
ISTD Amount12	1
ISTD Amount13	1
ISTD Amount14	1
ISTD Amount15	1
ISTD Amount16	1
ISTD Amount17	1
ISTD Amount18	1
ISTD Amount19	1
ISTD Amount20	1
ISTD Amount21	1
ISTD Amount22	1
ISTD Amount23	1
ISTD Amount24	1
ISTD Amount25	1
ISTD Amount26	1
ISTD Amount27	1
ISTD Amount28	1
ISTD Amount29	1
ISTD Amount30	1
ISTD Amount31	1
ISTD Amount32	1
Sample Amount	1
Dilution Factor	1
Vial#	4
Injection Volume	10,0

[Original Files]
Data File	C:\LabSolutions\Data\Project1\Fabricated User\Compound1\2026.08.19_STD_1_uM_4_004.lcd
Method File	C:\LabSolutions\Data\Project1\Fabricated User\Compound1.lcm
Batch File	C:\LabSolutions\Data\Project1\Fabricated User\Compound1\2026.08.19_batch.lcb
Report Format File	C:\LabSolutions\System\DEFAULT.lsr

[File Description]


[Configuration]
Instrument Name	HPLC-PC-Instrument
Instrument #	1
Line #	1
# of Detectors	1
Detector ID	PDA
Detector Name	PDA
# of Channels	2

[Peak Table(PDA-Ch1)]
# of Peaks	2
Peak#	R.Time	I.Time	F.Time	Area	Height	A/H	Conc.	Mark	ID#	Name	k'	Plate #	Plate Ht.	Tailing	Resolution	Sep.Factor	Area Ratio	Height Ratio	Conc. %	Norm Conc.
1	10,40	10,10	10,70	5,35	2,14	2,500	0,000	   			0,000	0	0,000	0,000	0,000	0,000	0	0	0,000	0,000
2	15,20	14,90	15,50	16,05	6,42	2,500	0,000	   			0,000	0	0,000	0,000	0,000	0,000	0	0	0,000	0,000

[Peak Table(PDA-Ch2)]
# of Peaks	2
Peak#	R.Time	I.Time	F.Time	Area	Height	A/H	Conc.	Mark	ID#	Name	k'	Plate #	Plate Ht.	Tailing	Resolution	Sep.Factor	Area Ratio	Height Ratio	Conc. %	Norm Conc.
1	10,40	10,10	10,70	12,49	5,00	2,500	0,000	   			0,000	0	0,000	0,000	0,000	0,000	0	0	0,000	0,000
2	15,20	14,90	15,50	46,77	18,71	2,500	0,000	   			0,000	0	0,000	0,000	0,000	0,000	0	0	0,000	0,000

[Compound Results(PDA)]
# of IDs	0

[PDA Multi Chromatogram(Ch1)]
# of Points	601
Interval(msec)	3000
Start Time(min)	0
End Time(min)	30,0000
Intensity Units	mAU
Intensity Multiplier	1
Type	MultiChrom
Wavelength(nm)	254
Bandwidth(nm)	4

R.Time (min)	Intensity
0,00	31,308
0,05	30,709
0,10	28,102
0,15	29,595
0,20	30,054
0,25	32,247
0,30	30,022
0,35	30,929
0,40	29,529
0,45	28,783
0,50	30,942
0,55	30,400
0,60	29,683
0,65	30,049
0,70	29,787
0,75	30,352
0,80	28,635
0,85	28,939
0,90	29,323
0,95	29,669
1,00	29,458
1,05	30,836
1,10	28,403
1,15	29,286
1,20	30,422
1,25	29,618
1,30	29,342
1,35	29,698
1,40	30,591
1,45	30,511
1,50	28,832
1,55	28,961
1,60	27,432
1,65	29,300
1,70	27,270
1,75	30,640
1,80	30,212
1,85	30,191
1,90	29,783
1,95	30,545
2,00	31,544
2,05	31,408
2,10	30,226
2,15	27,846
2,20	30,775
2,25	31,544
2,30	29,525
2,35	32,360
2,40	30,774
2,45	32,304
2,50	30,258
2,55	30,544
2,60	30,483
2,65	30,505
2,70	29,273
2,75	31,379
2,80	29,402
2,85	28,053
2,90	31,811
2,95	29,322
3,00	28,302
3,05	31,519
3,10	28,584
3,15	28,785
3,20	30,651
3,25	28,994
3,30	30,123
3,35	29,998
3,40	30,944
3,45	29,593
3,50	29,808
3,55	28,224
3,60	29,532
3,65	29,763
3,70	32,730
3,75	29,180
3,80	31,975
3,85	31,321
3,90	30,029
3,95	30,537
4,00	31,125
4,05	30,146
4,10	31,296
4,15	29,478
4,20	30,698
4,25	29,124
4,30	29,563
4,35	27,488
4,40	30,494
4,45	31,193
4,50	29,474
4,55	28,833
4,60	30,217
4,65	30,669
4,70	30,110
4,75	30,118
4,80	30,089
4,85	30,441
4,90	29,344
4,95	30,778
5,00	29,194
5,05	28,067
5,10	28,901
5,15	30,885
5,20	30,836
5,25	29,695
5,30	30,611
5,35	31,267
5,40	28,648
5,45	30,566
5,50	30,169
5,55	29,890
5,60	29,447
5,65	30,412
5,70	30,711
5,75	31,068
5,80	31,410
5,85	30,782
5,90	29,119
5,95	29,163
6,00	29,016
6,05	29,012
6,10	29,259
6,15	28,731
6,20	29,661
6,25	30,255
6,30	29,143
6,35	32,549
6,40	30,026
6,45	30,002
6,50	29,934
6,55	30,701
6,60	30,754
6,65	29,700
6,70	31,224
6,75	32,053
6,80	30,077
6,85	30,758
6,90	31,838
6,95	28,479
7,00	30,036
7,05	31,411
7,10	30,306
7,15	31,786
7,20	29,596
7,25	30,115
7,30	29,071
7,35	31,001
7,40	30,466
7,45	30,845
7,50	27,819
7,55	30,658
7,60	30,092
7,65	30,174
7,70	28,653
7,75	31,609
7,80	30,129
7,85	31,444
7,90	28,895
7,95	31,406
8,00	30,054
8,05	30,248
8,10	28,582
8,15	31,534
8,20	31,712
8,25	32,641
8,30	31,388
8,35	30,054
8,40	30,461
8,45	28,076
8,50	30,036
8,55	31,051
8,60	28,744
8,65	29,706
8,70	28,318
8,75	29,421
8,80	29,159
8,85	30,530
8,90	30,394
8,95	29,836
9,00	30,911
9,05	29,164
9,10	30,828
9,15	30,378
9,20	28,608
9,25	29,097
9,30	29,162
9,35	28,998
9,40	28,019
9,45	28,397
9,50	31,210
9,55	30,947
9,60	29,116
9,65	29,093
9,70	29,690
9,75	29,731
9,80	29,163
9,85	30,680
9,90	29,162
9,95	28,482
10,00	31,974
10,05	28,528
10,10	31,408
10,15	32,231
10,20	32,406
10,25	34,372
10,30	36,857
10,35	36,048
10,40	39,025
10,45	35,898
10,50	36,353
10,55	35,133
10,60	32,141
10,65	30,629
10,70	29,947
10,75	29,733
10,80	32,141
10,85	27,694
10,90	29,952
10,95	31,361
11,00	29,875
11,05	29,382
11,10	29,344
11,15	31,879
11,20	27,893
11,25	29,293
11,30	29,356
11,35	29,454
11,40	29,984
11,45	30,623
11,50	30,223
11,55	29,776
11,60	27,828
11,65	30,655
11,70	29,407
11,75	29,077
11,80	30,688
11,85	31,179
11,90	29,336
11,95	29,375
12,00	29,718
12,05	28,542
12,10	29,391
12,15	30,579
12,20	28,289
12,25	28,380
12,30	28,966
12,35	30,820
12,40	30,931
12,45	30,443
12,50	30,740
12,55	30,408
12,60	29,368
12,65	28,909
12,70	30,507
12,75	29,444
12,80	31,827
12,85	30,080
12,90	30,984
12,95	28,707
13,00	30,893
13,05	30,138
13,10	30,063
13,15	30,335
13,20	29,131
13,25	30,454
13,30	31,019
13,35	30,721
13,40	30,187
13,45	29,717
13,50	29,272
13,55	29,370
13,60	28,163
13,65	29,565
13,70	27,887
13,75	30,849
13,80	30,334
13,85	30,346
13,90	29,168
13,95	31,616
14,00	29,435
14,05	28,974
14,10	30,473
14,15	31,883
14,20	29,024
14,25	30,287
14,30	29,091
14,35	29,206
14,40	31,549
14,45	31,912
14,50	30,034
14,55	29,744
14,60	28,858
14,65	30,305
14,70	30,945
14,75	32,050
14,80	28,935
14,85	31,722
14,90	33,510
14,95	40,543
15,00	44,976
15,05	54,412
15,10	63,859
15,15	68,574
15,20	68,992
15,25	67,321
15,30	60,411
15,35	55,182
15,40	45,542
15,45	37,767
15,50	34,032
15,55	32,892
15,60	32,465
15,65	30,038
15,70	30,524
15,75	30,666
15,80	29,144
15,85	29,585
15,90	29,864
15,95	30,563
16,00	28,897
16,05	28,881
16,10	29,559
16,15	29,805
16,20	30,590
16,25	29,940
16,30	28,338
16,35	28,309
16,40	29,128
16,45	30,989
16,50	31,126
16,55	30,041
16,60	30,028
16,65	29,559
16,70	27,814
16,75	29,326
16,80	30,070
16,85	29,258
16,90	30,968
16,95	30,751
17,00	31,226
17,05	31,939
17,10	30,534
17,15	30,402
17,20	29,891
17,25	30,346
17,30	29,993
17,35	30,109
17,40	30,006
17,45	32,805
17,50	30,295
17,55	29,001
17,60	30,735
17,65	30,596
17,70	29,659
17,75	30,666
17,80	28,521
17,85	31,028
17,90	29,485
17,95	29,707
18,00	28,806
18,05	28,947
18,10	30,374
18,15	31,332
18,20	29,716
18,25	29,506
18,30	28,092
18,35	31,076
18,40	28,431
18,45	30,496
18,50	30,936
18,55	28,865
18,60	30,277
18,65	30,175
18,70	30,367
18,75	28,668
18,80	28,532
18,85	28,892
18,90	30,663
18,95	29,455
19,00	28,748
19,05	28,889
19,10	30,105
19,15	30,727
19,20	29,606
19,25	32,233
19,30	29,468
19,35	29,919
19,40	30,111
19,45	28,364
19,50	28,793
19,55	30,195
19,60	29,621
19,65	29,988
19,70	30,257
19,75	30,164
19,80	28,856
19,85	31,331
19,90	30,317
19,95	30,539
20,00	29,839
20,05	30,633
20,10	30,322
20,15	30,677
20,20	29,877
20,25	28,313
20,30	30,407
20,35	30,308
20,40	30,855
20,45	30,466
20,50	31,597
20,55	30,639
20,60	29,825
20,65	28,955
20,70	30,529
20,75	29,520
20,80	31,966
20,85	29,389
20,90	29,535
20,95	30,980
21,00	29,542
21,05	28,239
21,10	30,421
21,15	30,103
21,20	29,991
21,25	28,609
21,30	31,003
21,35	29,180
21,40	30,606
21,45	28,991
21,50	30,251
21,55	30,883
21,60	26,742
21,65	30,045
21,70	27,770
21,75	32,072
21,80	30,571
21,85	29,574
21,90	29,756
21,95	30,394
22,00	30,456
22,05	29,211
22,10	30,824
22,15	30,201
22,20	29,970
22,25	29,466
22,30	30,341
22,35	30,927
22,40	29,440
22,45	29,669
22,50	29,257
22,55	30,837
22,60	30,100
22,65	31,293
22,70	30,148
22,75	31,592
22,80	30,115
22,85	29,262
22,90	29,598
22,95	28,670
23,00	32,057
23,05	30,793
23,10	27,813
23,15	30,940
23,20	29,354
23,25	30,080
23,30	31,137
23,35	29,963
23,40	31,280
23,45	30,507
23,50	30,263
23,55	29,539
23,60	29,361
23,65	30,142
23,70	29,371
23,75	28,033
23,80	28,788
23,85	26,609
23,90	29,948
23,95	29,122
24,00	29,585
24,05	30,220
24,10	30,031
24,15	29,925
24,20	29,282
24,25	29,672
24,30	29,592
24,35	29,970
24,40	30,766
24,45	28,775
24,50	29,352
24,55	30,357
24,60	30,195
24,65	30,637
24,70	29,624
24,75	31,597
24,80	29,426
24,85	28,292
24,90	29,413
24,95	28,525
25,00	31,057
25,05	28,282
25,10	30,946
25,15	30,067
25,20	28,255
25,25	27,864
25,30	27,975
25,35	29,606
25,40	30,089
25,45	29,897
25,50	30,197
25,55	31,555
25,60	27,988
25,65	30,716
25,70	29,512
25,75	28,030
25,80	30,692
25,85	29,365
25,90	29,929
25,95	30,619
26,00	30,026
26,05	31,077
26,10	29,701
26,15	30,350
26,20	29,049
26,25	29,701
26,30	29,707
26,35	28,361
26,40	30,024
26,45	31,034
26,50	30,800
26,55	31,611
26,60	30,178
26,65	30,348
26,70	30,486
26,75	29,085
26,80	30,192
26,85	30,484
26,90	29,714
26,95	30,278
27,00	30,759
27,05	31,570
27,10	28,793
27,15	30,464
27,20	30,721
27,25	29,659
27,30	30,329
27,35	30,349
27,40	29,477
27,45	29,470
27,50	28,372
27,55	31,410
27,60	29,656
27,65	31,095
27,70	28,366
27,75	31,449
27,80	31,066
27,85	28,721
27,90	30,223
27,95	29,231
28,00	28,742
28,05	29,977
28,10	30,985
28,15	30,436
28,20	28,591
28,25	29,597
28,30	28,080
28,35	29,036
28,40	29,196
28,45	28,740
28,50	30,314
28,55	29,466
28,60	30,755
28,65	28,749
28,70	29,628
28,75	29,355
28,80	28,850
28,85	31,617
28,90	30,966
28,95	29,354
29,00	29,887
29,05	28,407
29,10	30,760
29,15	29,358
29,20	29,355
29,25	31,214
29,30	29,970
29,35	30,701
29,40	28,472
29,45	29,664
29,50	28,874
29,55	30,018
29,60	31,343
29,65	29,155
29,70	31,107
29,75	29,546
29,80	28,170
29,85	29,832
29,90	29,252
29,95	30,303
30,00	30,126

[PDA Multi Chromatogram(Ch2)]
# of Points	601
Interval(msec)	3000
Start Time(min)	0
End Time(min)	30,0000
Intensity Units	mAU
Intensity Multiplier	1
Type	MultiChrom
Wavelength(nm)	280
Bandwidth(nm)	4

R.Time (min)	Intensity
0,00	81,276
0,05	82,211
0,10	80,411
0,15	80,222
0,20	79,186
0,25	80,356
0,30	79,772
0,35	81,184
0,40	79,286
0,45	78,182
0,50	80,392
0,55	77,608
0,60	78,741
0,65	80,648
0,70	78,856
0,75	78,930
0,80	79,103
0,85	78,828
0,90	81,098
0,95	82,218
1,00	79,080
1,05	81,261
1,10	78,336
1,15	78,103
1,20	78,680
1,25	79,626
1,30	79,063
1,35	80,288
1,40	82,861
1,45	81,726
1,50	82,163
1,55	82,937
1,60	81,130
1,65	75,283
1,70	79,487
1,75	78,868
1,80	80,105
1,85	84,778
1,90	79,557
1,95	82,863
2,00	79,399
2,05	81,622
2,10	80,597
2,15	84,041
2,20	80,170
2,25	79,830
2,30	80,622
2,35	77,958
2,40	80,721
2,45	82,490
2,50	76,279
2,55	75,206
2,60	80,250
2,65	81,035
2,70	81,408
2,75	77,652
2,80	79,969
2,85	79,707
2,90	81,654
2,95	79,992
3,00	80,054
3,05	80,950
3,10	79,078
3,15	79,251
3,20	83,169
3,25	80,211
3,30	82,342
3,35	79,321
3,40	82,246
3,45	81,654
3,50	80,749
3,55	78,405
3,60	80,152
3,65	77,630
3,70	79,289
3,75	78,808
3,80	79,731
3,85	78,195
3,90	79,088
3,95	82,258
4,00	81,460
4,05	75,707
4,10	79,972
4,15	82,153
4,20	81,802
4,25	79,762
4,30	77,811
4,35	79,730
4,40	77,160
4,45	80,739
4,50	76,796
4,55	80,372
4,60	78,623
4,65	78,567
4,70	78,979
4,75	78,462
4,80	78,109
4,85	81,713
4,90	77,101
4,95	80,019
5,00	82,334
5,05	81,843
5,10	82,323
5,15	80,296
5,20	79,047
5,25	75,385
5,30	77,715
5,35	77,014
5,40	80,999
5,45	77,869
5,50	76,026
5,55	80,605
5,60	80,757
5,65	82,398
5,70	82,878
5,75	81,907
5,80	79,438
5,85	80,356
5,90	77,191
5,95	77,904
6,00	80,007
6,05	78,391
6,10	81,043
6,15	78,898
6,20	81,020
6,25	78,485
6,30	80,560
6,35	75,982
6,40	81,073
6,45	79,304
6,50	75,310
6,55	79,257
6,60	79,343
6,65	79,995
6,70	79,734
6,75	78,853
6,80	82,429
6,85	79,555
6,90	79,375
6,95	77,588
7,00	78,253
7,05	82,501
7,10	75,847
7,15	77,103
7,20	80,421
7,25	81,073
7,30	80,294
7,35	78,221
7,40	79,919
7,45	76,240
7,50	82,085
7,55	79,318
7,60	76,761
7,65	80,654
7,70	79,518
7,75	78,983
7,80	83,203
7,85	79,073
7,90	77,069
7,95	80,842
8,00	78,982
8,05	81,759
8,10	77,344
8,15	77,751
8,20	80,430
8,25	78,697
8,30	79,555
8,35	76,660
8,40	76,668
8,45	80,524
8,50	76,818
8,55	80,758
8,60	77,307
8,65	81,164
8,70	79,259
8,75	78,585
8,80	80,557
8,85	80,165
8,90	86,718
8,95	80,982
9,00	80,586
9,05	77,523
9,10	78,262
9,15	77,732
9,20	79,244
9,25	80,587
9,30	75,332
9,35	83,744
9,40	76,032
9,45	83,534
9,50	79,546
9,55	77,025
9,60	80,566
9,65	83,319
9,70	77,961
9,75	78,780
9,80	80,696
9,85	79,133
9,90	78,756
9,95	80,103
10,00	77,953
10,05	82,535
10,10	80,937
10,15	82,982
10,20	91,247
10,25	89,551
10,30	96,692
10,35	100,864
10,40	103,343
10,45	101,605
10,50	100,114
10,55	91,274
10,60	84,442
10,65	84,034
10,70	81,745
10,75	81,504
10,80	79,702
10,85	81,060
10,90	82,069
10,95	75,756
11,00	80,568
11,05	80,076
11,10	81,567
11,15	78,830
11,20	82,698
11,25	82,372
11,30	76,476
11,35	81,304
11,40	80,311
11,45	82,376
11,50	80,484
11,55	79,685
11,60	79,513
11,65	83,682
11,70	82,069
11,75	80,769
11,80	80,134
11,85	76,362
11,90	78,550
11,95	82,406
12,00	76,580
12,05	84,093
12,10	79,500
12,15	79,220
12,20	82,424
12,25	80,443
12,30	82,806
12,35	80,003
12,40	76,191
12,45	77,771
12,50	80,943
12,55	78,344
12,60	80,753
12,65	82,300
12,70	78,596
12,75	83,389
12,80	78,191
12,85	78,321
12,90	81,332
12,95	79,919
13,00	78,985
13,05	78,516
13,10	78,395
13,15	85,044
13,20	81,985
13,25	78,081
13,30	77,303
13,35	84,140
13,40	78,995
13,45	81,769
13,50	80,745
13,55	79,333
13,60	81,919
13,65	77,421
13,70	79,734
13,75	81,897
13,80	79,745
13,85	76,512
13,90	82,360
13,95	79,293
14,00	76,917
14,05	76,628
14,10	78,990
14,15	82,635
14,20	80,389
14,25	80,085
14,30	79,939
14,35	79,432
14,40	83,062
14,45	80,804
14,50	78,392
14,55	78,023
14,60	81,581
14,65	78,663
14,70	80,256
14,75	82,081
14,80	84,151
14,85	89,580
14,90	100,131
14,95	114,057
15,00	130,516
15,05	154,714
15,10	172,617
15,15	194,691
15,20	201,538
15,25	190,619
15,30	176,635
15,35	155,970
15,40	128,203
15,45	105,888
15,50	94,395
15,55	86,106
15,60	81,630
15,65	80,160
15,70	81,155
15,75	80,037
15,80	74,905
15,85	76,980
15,90	76,975
15,95	77,640
16,00	76,121
16,05	80,314
16,10	80,011
16,15	77,470
16,20	80,043
16,25	79,494
16,30	81,192
16,35	81,761
16,40	80,959
16,45	79,307
16,50	83,560
16,55	78,699
16,60	80,103
16,65	79,409
16,70	79,392
16,75	81,655
16,80	81,100
16,85	79,125
16,90	81,592
16,95	78,125
17,00	80,946
17,05	81,899
17,10	78,900
17,15	80,399
17,20	82,190
17,25	77,921
17,30	81,046
17,35	83,135
17,40	79,994
17,45	82,323
17,50	81,903
17,55	81,020
17,60	80,913
17,65	78,569
17,70	77,722
17,75	77,832
17,80	79,215
17,85	80,917
17,90	82,033
17,95	79,167
18,00	82,291
18,05	82,319
18,10	81,089
18,15	81,115
18,20	79,700
18,25	80,922
18,30	80,450
18,35	78,943
18,40	75,305
18,45	80,957
18,50	78,429
18,55	77,915
18,60	79,638
18,65	79,020
18,70	78,953
18,75	82,523
18,80	77,509
18,85	79,727
18,90	81,555
18,95	78,828
19,00	78,495
19,05	77,682
19,10	83,575
19,15	78,911
19,20	79,102
19,25	80,282
19,30	79,899
19,35	78,142
19,40	79,430
19,45	78,062
19,50	80,455
19,55	76,609
19,60	81,287
19,65	76,527
19,70	77,259
19,75	75,803
19,80	78,605
19,85	81,553
19,90	83,426
19,95	78,908
20,00	79,889
20,05	81,963
20,10	79,785
20,15	83,890
20,20	83,000
20,25	82,022
20,30	81,979
20,35	78,360
20,40	82,543
20,45	80,507
20,50	80,220
20,55	81,638
20,60	80,704
20,65	76,704
20,70	79,204
20,75	74,936
20,80	79,832
20,85	78,864
20,90	80,579
20,95	83,590
21,00	77,400
21,05	79,591
21,10	78,545
21,15	78,828
21,20	81,088
21,25	78,441
21,30	78,892
21,35	77,835
21,40	80,466
21,45	79,914
21,50	78,022
21,55	82,946
21,60	80,477
21,65	80,333
21,70	82,155
21,75	79,882
21,80	81,652
21,85	83,636
21,90	82,494
21,95	79,557
22,00	79,562
22,05	78,301
22,10	83,602
22,15	81,554
22,20	80,244
22,25	81,636
22,30	79,132
22,35	79,852
22,40	81,797
22,45	79,716
22,50	78,476
22,55	75,213
22,60	81,171
22,65	75,404
22,70	82,783
22,75	80,596
22,80	79,047
22,85	78,852
22,90	80,153
22,95	79,301
23,00	77,855
23,05	83,509
23,10	79,282
23,15	82,073
23,20	82,585
23,25	79,035
23,30	77,635
23,35	81,543
23,40	76,721
23,45	80,368
23,50	80,125
23,55	83,128
23,60	82,503
23,65	83,380
23,70	80,317
23,75	77,556
23,80	77,766
23,85	77,766
23,90	80,044
23,95	77,688
24,00	82,508
24,05	79,969
24,10	79,596
24,15	79,759
24,20	77,394
24,25	77,132
24,30	81,270
24,35	81,068
24,40	82,971
24,45	82,655
24,50	82,640
24,55	79,949
24,60	81,728
24,65	77,737
24,70	79,545
24,75	77,869
24,80	75,740
24,85	82,203
24,90	84,310
24,95	80,856
25,00	83,723
25,05	80,534
25,10	79,192
25,15	78,377
25,20	79,690
25,25	80,897
25,30	82,813
25,35	77,130
25,40	78,167
25,45	80,286
25,50	78,167
25,55	83,031
25,60	79,235
25,65	79,417
25,70	80,603
25,75	78,085
25,80	77,635
25,85	79,992
25,90	82,449
25,95	78,952
26,00	80,009
26,05	83,921
26,10	77,861
26,15	79,785
26,20	74,998
26,25	78,832
26,30	80,190
26,35	79,338
26,40	78,990
26,45	78,449
26,50	77,148
26,55	80,809
26,60	79,921
26,65	78,654
26,70	77,318
26,75	82,537
26,80	78,666
26,85	77,867
26,90	79,600
26,95	80,599
27,00	80,741
27,05	79,622
27,10	79,315
27,15	77,816
27,20	78,312
27,25	81,089
27,30	82,567
27,35	80,306
27,40	80,212
27,45	75,561
27,50	79,543
27,55	81,640
27,60	80,905
27,65	77,376
27,70	81,347
27,75	82,044
27,80	76,605
27,85	79,609
27,90	76,968
27,95	81,804
28,00	80,775
28,05	78,469
28,10	78,722
28,15	84,558
28,20	80,853
28,25	76,910
28,30	82,044
28,35	76,297
28,40	77,653
28,45	81,003
28,50	77,525
28,55	78,826
28,60	80,753
28,65	80,477
28,70	79,996
28,75	79,138
28,80	81,854
28,85	79,850
28,90	77,999
28,95	82,415
29,00	82,846
29,05	77,837
29,10	77,219
29,15	78,082
29,20	77,262
29,25	81,269
29,30	79,926
29,35	83,446
29,40	81,449
29,45	78,462
29,50	80,005
29,55	77,656
29,60	78,347
29,65	79,417
29,70	80,322
29,75	77,856
29,80	76,371
29,85	80,485
29,90	79,450
29,95	77,377
30,00	81,149

